2.47037 102.391
2.47033 102.39103
2.47033 102.3911
2.47026 102.39107
2.47026 102.39114
2.47019 102.3911
2.47019 102.39118
2.47013 102.39114
2.47013 102.39122
2.47006 102.39118
2.47006 102.39126
2.47 102.39122
2.47 102.3913
2.46993 102.39133
2.46993 102.39126
2.46987 102.3913
2.46987 102.39137
2.4698 102.39134
2.4698 102.39141
2.46973 102.39145
2.46973 102.39137
2.46967 102.39141
2.46967 102.39149
2.4696 102.39145
2.4696 102.39153
2.46953 102.39149
2.46953 102.39157
2.46947 102.39153
2.46947 102.3916
2.4694 102.39156
2.4694 102.39164
2.46933 102.3916
2.46934 102.39168
2.46927 102.39164
2.46927 102.39172
2.4692 102.39168
2.4692 102.39176
2.46914 102.39172
2.46914 102.3918
2.46907 102.39176
2.46907 102.39184
2.469 102.3918
2.46901 102.39188
2.46894 102.39184
2.46894 102.39191
2.46887 102.39187
2.46887 102.39195
2.46881 102.39191
2.46881 102.39199
2.46874 102.39195
2.46874 102.39203
2.46867 102.39199
2.46868 102.39207
2.46874 102.39211
2.46874 102.39218
2.46881 102.39214
2.46887 102.3921
2.46894 102.39206
2.469 102.39203
2.46901 102.39195
2.46907 102.39199
2.46907 102.39191
2.46914 102.39195
2.46914 102.39187
2.46921 102.39191
2.4692 102.39183
2.46927 102.39187
2.46927 102.39179
2.46933 102.39183
2.46934 102.39176
2.4694 102.3918
2.4694 102.39172
2.46947 102.39176
2.46947 102.39168
2.46953 102.39172
2.46953 102.39164
2.4696 102.39168
2.4696 102.3916
2.46967 102.39164
2.46967 102.39156
2.46973 102.3916
2.46973 102.39152
2.4698 102.39156
2.4698 102.39149
2.46987 102.39152
2.46986 102.39145
2.46993 102.39149
2.46993 102.39141
2.47 102.39145
2.47 102.39137
2.47007 102.39141
2.47006 102.39133
2.47013 102.39137
2.47013 102.39129
2.47019 102.39133
2.4702 102.39126
2.47013 102.39145
2.47006 102.39149
2.47006 102.39156
2.47 102.39152
2.46999 102.3916
2.46993 102.39156
2.46993 102.39164
2.46987 102.3916
2.46987 102.39168
2.4698 102.39164
2.4698 102.39172
2.46974 102.39168
2.46973 102.39175
2.46967 102.39172
2.46967 102.39179
2.4696 102.39176
2.4696 102.39183
2.46954 102.3918
2.46953 102.39187
2.46947 102.39183
2.46947 102.39191
2.4694 102.39187
2.4694 102.39195
2.46934 102.39191
2.46934 102.39199
2.46927 102.39195
2.46927 102.39203
2.4692 102.39199
2.4692 102.39206
2.46914 102.3921
2.46914 102.39203
2.46907 102.39207
2.46907 102.39214
2.46901 102.3921
2.46901 102.39218
2.46894 102.39214
2.46894 102.39222
2.46887 102.39218
2.46887 102.39225
2.46881 102.39222
2.46881 102.39229
2.46877 102.39225
2.46883 102.39236
2.46887 102.39241
2.46887 102.39234
2.46894 102.39237
2.46894 102.3923
2.46901 102.39233
2.46901 102.39241
2.46894 102.39245
2.46894 102.39252
2.46888 102.39248
2.46901 102.39248
2.46901 102.39257
2.46907 102.39253
2.46907 102.39244
2.46914 102.39249
2.46914 102.3924
2.46907 102.39237
2.46914 102.39233
2.46907 102.3923
2.46901 102.39226
2.46907 102.39222
2.46914 102.39225
2.46914 102.39218
2.46921 102.39236
2.4692 102.39229
2.4692 102.39222
2.4692 102.39214
2.46927 102.3921
2.46927 102.39226
2.46927 102.39233
2.46927 102.39218
2.46934 102.39229
2.46934 102.39222
2.46934 102.39214
2.46934 102.39206
2.4694 102.39202
2.4694 102.39218
2.4694 102.3921
2.4694 102.39225
2.46947 102.39221
2.46947 102.39214
2.46947 102.39229
2.4694 102.39233
2.46947 102.39206
2.46947 102.39199
2.46954 102.39203
2.46954 102.39195
2.4696 102.39199
2.4696 102.39191
2.4696 102.39206
2.46953 102.3921
2.46954 102.39217
2.4696 102.39214
2.46967 102.3921
2.46967 102.39202
2.46967 102.39195
2.46967 102.39187
2.46974 102.39206
2.46973 102.39198
2.46973 102.39191
2.46973 102.39183
2.4698 102.39187
2.4698 102.39202
2.4698 102.39195
2.4698 102.39179
2.46987 102.39183
2.46986 102.39175
2.46986 102.39191
2.46993 102.39187
2.46993 102.39195
2.46993 102.39179
2.46993 102.39172
2.46986 102.39198
2.47 102.39191
2.46999 102.39183
2.47 102.39175
2.47 102.39168
2.47006 102.39172
2.47006 102.39164
2.47 102.39198
2.46993 102.39202
2.46993 102.3921
2.46993 102.39225
2.46986 102.39229
2.46986 102.39221
2.46986 102.39214
2.46986 102.39206
2.4698 102.3921
2.4698 102.39217
2.4698 102.39225
2.46973 102.39221
2.46973 102.39214
2.46973 102.39229
2.4698 102.39232
2.46973 102.39236
2.46966 102.3924
2.46966 102.39233
2.46966 102.39225
2.46967 102.39218
2.4696 102.39221
2.4696 102.39229
2.4696 102.39237
2.4696 102.39244
2.46953 102.39248
2.46953 102.3924
2.46954 102.39233
2.46954 102.39225
2.46947 102.39237
2.46947 102.39244
2.46947 102.39252
2.4694 102.39256
2.4694 102.39248
2.4694 102.39241
2.46934 102.39237
2.46934 102.39244
2.46933 102.39252
2.46934 102.3926
2.46927 102.39264
2.46927 102.39256
2.46927 102.39249
2.46927 102.39241
2.4692 102.39252
2.46921 102.39245
2.4692 102.3926
2.4692 102.39267
2.46914 102.39271
2.46914 102.39264
2.46914 102.39256
2.46907 102.3926
2.46907 102.39268
2.46907 102.39275
2.46901 102.39264
2.46894 102.3926
2.46896 102.39267
2.469 102.39279
2.46907 102.3929
2.46907 102.39283
2.46914 102.39287
2.46913 102.39279
2.4692 102.39283
2.4692 102.39275
2.46927 102.39279
2.46927 102.39271
2.46934 102.39267
2.46933 102.39275
2.4694 102.39271
2.4694 102.39264
2.46947 102.39267
2.46947 102.3926
2.46953 102.39256
2.46953 102.39264
2.4696 102.39252
2.4696 102.3926
2.46966 102.39248
2.46967 102.39256
2.46973 102.39252
2.46973 102.39244
2.4698 102.3924
2.4698 102.39248
2.46987 102.39244
2.46986 102.39236
2.46881 102.39176
2.46881 102.39184
2.46874 102.3918
2.46874 102.39188
2.46868 102.39184
2.46868 102.39192
2.46894 102.39153
2.469 102.39157
2.46894 102.39161
2.469 102.39165
2.469 102.39172
2.46894 102.39168
2.46894 102.39176
2.46887 102.3918
2.46887 102.39172
2.46887 102.39157
2.46887 102.39165
2.46881 102.39161
2.46875 102.39165
2.46881 102.39168
2.46874 102.39172
2.46868 102.39169
2.46867 102.39176
2.46861 102.39172
2.46861 102.3918
2.4692 102.39138
2.4692 102.39146
2.46914 102.39142
2.46914 102.39149
2.46907 102.39145
2.46907 102.39153
2.4692 102.39153
2.4692 102.39161
2.46914 102.39157
2.46914 102.39165
2.46907 102.39161
2.46907 102.39168
2.46927 102.39134
2.46927 102.39142
2.46927 102.39149
2.46927 102.39157
2.4694 102.39126
2.4694 102.39134
2.4694 102.39141
2.4694 102.39149
2.46934 102.39153
2.46933 102.39145
2.4696 102.39115
2.4696 102.39122
2.4696 102.3913
2.4696 102.39137
2.46953 102.39141
2.46953 102.39134
2.46953 102.39126
2.46953 102.39119
2.46947 102.39122
2.46946 102.39145
2.46946 102.39138
2.46947 102.3913
2.46933 102.3913
2.46933 102.39138
2.46987 102.39099
2.46987 102.39107
2.46986 102.39114
2.46986 102.39122
2.4698 102.39126
2.4698 102.39118
2.4698 102.39111
2.4698 102.39103
2.46973 102.39107
2.46973 102.3913
2.46973 102.39123
2.46973 102.39115
2.46966 102.39111
2.46966 102.39119
2.46966 102.39126
2.46967 102.39133
2.4702 102.39103
2.4702 102.39095
2.47026 102.39099
2.47026 102.39091
2.47025 102.39084
2.47019 102.39088
2.4702 102.3908
2.47013 102.39084
2.47013 102.39091
2.47013 102.39099
2.47013 102.39107
2.47006 102.3911
2.47006 102.39103
2.47006 102.39095
2.47007 102.39088
2.47 102.39092
2.47 102.39099
2.47 102.39106
2.47 102.39114
2.46993 102.39118
2.46993 102.3911
2.46993 102.39103
2.46993 102.39095
2.46986 102.39084
2.46986 102.39076
2.46986 102.39068
2.46993 102.39065
2.47 102.39061
2.47006 102.39065
2.46999 102.39068
2.46993 102.39072
2.46993 102.3908
2.46993 102.39088
2.46999 102.39084
2.47 102.39076
2.47006 102.3908
2.47013 102.39076
2.47006 102.39072
2.4696 102.39107
2.4696 102.39099
2.4696 102.39092
2.4696 102.39084
2.46966 102.3908
2.46966 102.39088
2.46967 102.39096
2.46967 102.39103
2.46973 102.39099
2.46973 102.39092
2.46973 102.39084
2.46973 102.39076
2.4698 102.39072
2.4698 102.3908
2.4698 102.39088
2.4698 102.39095
2.46986 102.39092
2.46953 102.39088
2.4692 102.39123
2.4692 102.3913
2.46927 102.39126
2.46927 102.39118
2.46927 102.39111
2.46927 102.39104
2.46933 102.39099
2.46933 102.39107
2.46933 102.39115
2.46933 102.39122
2.4694 102.39118
2.4694 102.39111
2.4694 102.39103
2.4694 102.39096
2.46947 102.39092
2.46946 102.39099
2.46946 102.39107
2.46947 102.39115
2.46953 102.39111
2.46953 102.39103
2.46953 102.39096
2.46843 102.39152
2.46848 102.39157
2.46848 102.3915
2.46854 102.39146
2.46855 102.39153
2.46849 102.39164
2.46855 102.39161
2.46854 102.39169
2.46861 102.39164
2.46861 102.39157
2.46861 102.3915
2.46861 102.39142
2.46868 102.39138
2.46868 102.39146
2.46867 102.39153
2.46868 102.39161
2.46874 102.39157
2.46874 102.39149
2.46874 102.39142
2.46874 102.39134
2.46881 102.3913
2.4688 102.39138
2.46881 102.39146
2.46881 102.39153
2.46887 102.3915
2.46887 102.39142
2.46887 102.39134
2.46887 102.39127
2.46894 102.39123
2.46894 102.3913
2.46894 102.39138
2.46894 102.39145
2.469 102.39141
2.46901 102.39134
2.469 102.39126
2.46901 102.39119
2.46907 102.39115
2.46907 102.39123
2.46907 102.3913
2.46907 102.39138
2.46914 102.39134
2.46914 102.39126
2.46914 102.39119
2.46913 102.39111
2.4692 102.39107
2.4692 102.39115
2.469 102.39149
2.46993 102.39057
2.46992 102.3905
2.46986 102.39054
2.46986 102.39061
2.4698 102.39058
2.4698 102.39065
2.46973 102.39062
2.46986 102.39045
2.46979 102.39042
2.46973 102.39046
2.4698 102.3905
2.46973 102.39053
2.46966 102.3905
2.46966 102.39057
2.46966 102.39066
2.46966 102.39073
2.46973 102.39069
2.469 102.39088
2.469 102.39096
2.469 102.39103
2.469 102.39111
2.46907 102.39107
2.46907 102.391
2.46907 102.39092
2.46907 102.39085
2.46914 102.39081
2.46913 102.39088
2.46914 102.39096
2.46913 102.39103
2.4692 102.391
2.4692 102.39092
2.4692 102.39085
2.4692 102.39077
2.46927 102.39073
2.46927 102.39081
2.46927 102.39088
2.46927 102.39096
2.46934 102.39092
2.46933 102.39085
2.46933 102.39077
2.46933 102.3907
2.4694 102.39065
2.4694 102.39073
2.4694 102.39081
2.4694 102.39088
2.46947 102.39084
2.46947 102.39077
2.46947 102.39069
2.46946 102.39062
2.46953 102.39058
2.46953 102.39065
2.46953 102.39073
2.46953 102.3908
2.4696 102.39077
2.4696 102.39069
2.4696 102.39061
2.4696 102.39054
2.46867 102.39115
2.46867 102.39108
2.46874 102.39104
2.46874 102.39111
2.46874 102.39119
2.46874 102.39126
2.46881 102.39122
2.46881 102.39115
2.46881 102.39107
2.46881 102.391
2.46887 102.39096
2.46887 102.39103
2.46887 102.39111
2.46887 102.39119
2.46894 102.39115
2.46894 102.39108
2.46894 102.391
2.46894 102.39092
2.46834 102.39127
2.46835 102.39134
2.46841 102.39145
2.46841 102.39138
2.46841 102.39131
2.46841 102.39123
2.46848 102.39119
2.46848 102.39127
2.46848 102.39134
2.46848 102.39142
2.46854 102.39138
2.46854 102.39131
2.46854 102.39123
2.46854 102.39115
2.46861 102.39112
2.46861 102.39119
2.46861 102.39127
2.46861 102.39134
2.46868 102.3913
2.46868 102.39123
