0.000000000000000000e+00 1.197605605899065928e+01 2.337738708705703417e+01 3.803450751986807177e+01 2.753056532763202924e+01 1.890313588591574856e+01 1.243197058008165001e+01 2.508671843462227358e+01 2.705489304717097454e+01 3.381861385394263664e+01 4.271968924521368649e+01 5.034563504019503455e+01 5.893330466271317647e+01 5.172655667952814440e+01 4.398880159069771878e+01 3.676165483476611939e+01 3.452418843060465292e+01 6.717866601666251825e+01 5.943470036468877993e+01 5.301328125939492253e+01
1.197605605899065928e+01 0.000000000000000000e+00 1.144821494671294104e+01 2.673306821660000310e+01 1.740475766425407755e+01 1.243197058008594524e+01 1.544768837562335406e+01 2.605379999907988875e+01 2.321818157482938361e+01 2.595871670070140169e+01 3.283546544337740869e+01 3.981336877423194665e+01 4.979000083905195595e+01 4.369267251086501602e+01 3.782262370656847139e+01 3.345101116102736682e+01 3.516291876969763308e+01 5.911137175854387493e+01 5.268574706968192345e+01 4.786550904615151580e+01
2.337738708705703417e+01 1.144821494671294104e+01 0.000000000000000000e+00 1.603675844613048085e+01 1.025166550654401476e+01 1.393268015586672526e+01 2.345658634163078204e+01 3.035029922446419093e+01 2.358800136625538357e+01 2.077292599597046063e+01 2.400368516446849299e+01 2.983672742445099146e+01 4.126215753008009557e+01 3.671116962971097308e+01 3.345101116105929862e+01 3.270340475076153552e+01 3.803450751794928664e+01 5.158294141824456602e+01 4.682085494402026882e+01 4.398880158990159828e+01
3.803450751986807177e+01 2.673306821660000310e+01 1.603675844613048085e+01 0.000000000000000000e+00 1.160908698138148765e+01 2.215542426467563786e+01 3.410983604892025056e+01 3.559973252608709515e+01 2.579146091878144986e+01 1.592068547364328168e+01 1.054887655962351367e+01 1.406516874568652753e+01 2.670993794047427627e+01 2.461404530534623447e+01 2.595871221070901669e+01 3.083528763604216039e+01 4.018429941909887759e+01 3.787162730402901900e+01 3.553021401877331442e+01 3.580752398485815746e+01
2.753056532763202924e+01 1.740475766425407755e+01 1.025166550654401476e+01 1.160908698138148765e+01 0.000000000000000000e+00 1.054887324471763677e+01 2.251524882307693076e+01 2.486393202008354208e+01 1.592068547353698094e+01 1.054887655911527311e+01 1.544769136254480024e+01 2.281528725897025467e+01 3.241861159869150555e+01 2.689446460481647705e+01 2.321818157490184120e+01 2.358800136654195256e+01 3.083528763581781718e+01 4.209282368886604786e+01 3.671116962966392805e+01 3.376372996484737143e+01
1.890313588591574856e+01 1.243197058008594524e+01 1.393268015586672526e+01 2.215542426467563786e+01 1.054887324471763677e+01 0.000000000000000000e+00 1.197605605929727624e+01 1.641772917211335425e+01 1.095142949850652947e+01 1.491836371222222368e+01 2.438694619403122488e+01 3.247576442891089243e+01 4.009189611463736469e+01 3.285428849561505160e+01 2.579147070919184159e+01 2.109775311819354826e+01 2.438694619403122488e+01 4.832823400081952769e+01 4.100666202740837463e+01 3.558237652624499958e+01
1.243197058008165001e+01 1.544768837562335406e+01 2.345658634163078204e+01 3.410983604892025056e+01 2.251524882307693076e+01 1.197605605929727624e+01 0.000000000000000000e+00 1.267817193074289328e+01 1.592068953059660252e+01 2.516053479217827871e+01 3.580751971199416772e+01 4.410107906416730117e+01 5.041925836340552536e+01 4.226869494390135884e+01 3.332138994104536778e+01 2.486394116081340400e+01 2.215543138754448194e+01 5.740286023511712443e+01 4.877389935926262154e+01 4.154585199293006781e+01
2.508671843462227358e+01 2.605379999907988875e+01 3.035029922446419093e+01 3.559973252608709515e+01 2.486393202008354208e+01 1.641772917211335425e+01 1.267817193074289328e+01 0.000000000000000000e+00 1.025166185948093833e+01 2.184632878726701932e+01 3.345099988156948001e+01 4.185715841874669962e+01 4.472744769610069682e+01 3.559973796859058126e+01 2.516053479251695890e+01 1.449804302385673438e+01 9.500498236886629755e+00 4.959093390334174245e+01 3.981336877489747650e+01 3.133251004577190812e+01
2.705489304717097454e+01 2.321818157482938361e+01 2.358800136625538357e+01 2.579146091878144986e+01 1.592068547353698094e+01 1.095142949850652947e+01 1.592068953059660252e+01 1.025166185948093833e+01 0.000000000000000000e+00 1.160908698155401098e+01 2.321817396168221137e+01 3.164661973509647197e+01 3.546054062931681727e+01 2.677927987517649555e+01 1.740475766444203032e+01 1.025166550656355113e+01 1.491836019622054721e+01 4.163503421014637951e+01 3.285428849634337212e+01 2.595871670047180402e+01
3.381861385394263664e+01 2.595871670070140169e+01 2.077292599597046063e+01 1.592068547364328168e+01 1.054887655911527311e+01 1.491836371222222368e+01 2.516053479217827871e+01 2.184632878726701932e+01 1.160908698155401098e+01 0.000000000000000000e+00 1.160908698012674023e+01 2.004594347864420456e+01 2.535634079803114460e+01 1.796408919750844291e+01 1.267817193073316773e+01 1.491836019633929489e+01 2.468927089503242200e+01 3.345101033406189828e+01 2.677928444495735505e+01 2.321818157540247896e+01
4.271968924521368649e+01 3.283546544337740869e+01 2.400368516446849299e+01 1.054887655962351367e+01 1.544769136254480024e+01 2.438694619403122488e+01 3.580751971199416772e+01 3.345099988156948001e+01 2.321817396168221137e+01 1.160908698012674023e+01 0.000000000000000000e+00 8.468350509680268701e+00 1.726209421600455940e+01 1.406516874572069931e+01 1.697316407474010447e+01 2.468927089366972183e+01 3.558236255089475009e+01 2.782096174057988947e+01 2.498795068122612761e+01 2.595871221100527748e+01
5.034563504019503455e+01 3.981336877423194665e+01 2.983672742445099146e+01 1.406516874568652753e+01 2.281528725897025467e+01 3.247576442891089243e+01 4.410107906416730117e+01 4.185715841874669962e+01 3.164661973509647197e+01 2.004594347864420456e+01 8.468350509680268701e+00 0.000000000000000000e+00 1.375405250979504856e+01 1.580376471246868242e+01 2.292341290592570502e+01 3.224651606240458790e+01 4.349411701270626196e+01 2.535634386198585943e+01 2.605379999991586715e+01 2.994014170627652760e+01
5.893330466271317647e+01 4.979000083905195595e+01 4.126215753008009557e+01 2.670993794047427627e+01 3.241861159869150555e+01 4.009189611463736469e+01 5.041925836340552536e+01 4.472744769610069682e+01 3.546054062931681727e+01 2.535634079803114460e+01 1.726209421600455940e+01 1.375405250979504856e+01 0.000000000000000000e+00 9.500495427502624324e+00 2.044293166833575270e+01 3.184137094831535819e+01 4.336600688073220766e+01 1.160909078798482774e+01 1.491836019691923632e+01 2.234989496082502214e+01
5.172655667952814440e+01 4.369267251086501602e+01 3.671116962971097308e+01 2.461404530534623447e+01 2.689446460481647705e+01 3.285428849561505160e+01 4.226869494390135884e+01 3.559973796859058126e+01 2.677927987517649555e+01 1.796408919750844291e+01 1.406516874572069931e+01 1.580376471246868242e+01 9.500495427502624324e+00 0.000000000000000000e+00 1.095142661540899987e+01 2.237754029417782320e+01 3.387340203470184008e+01 1.548766034393799451e+01 1.095142949795130782e+01 1.445533562664470217e+01
4.398880159069771878e+01 3.782262370656847139e+01 3.345101116105929862e+01 2.595871221070901669e+01 2.321818157490184120e+01 2.579147070919184159e+01 3.332138994104536778e+01 2.516053479251695890e+01 1.740475766444203032e+01 1.267817193073316773e+01 1.697316407474010447e+01 2.292341290592570502e+01 2.044293166833575270e+01 1.095142661540899987e+01 0.000000000000000000e+00 1.144821494739786338e+01 2.292341373311278474e+01 2.448813850911935575e+01 1.548766034391644375e+01 1.054887655967192472e+01
3.676165483476611939e+01 3.345101116102736682e+01 3.270340475076153552e+01 3.083528763604216039e+01 2.358800136654195256e+01 2.109775311819354826e+01 2.486394116081340400e+01 1.449804302385673438e+01 1.025166550656355113e+01 1.491836019633929489e+01 2.468927089366972183e+01 3.224651606240458790e+01 3.184137094831535819e+01 2.237754029417782320e+01 1.144821494739786338e+01 0.000000000000000000e+00 1.160908698174072029e+01 3.539073696064474461e+01 2.535634079818594699e+01 1.693670560450841833e+01
3.452418843060465292e+01 3.516291876969763308e+01 3.803450751794928664e+01 4.018429941909887759e+01 3.083528763581781718e+01 2.438694619403122488e+01 2.215543138754448194e+01 9.500498236886629755e+00 1.491836019622054721e+01 2.468927089503242200e+01 3.558236255089475009e+01 4.349411701270626196e+01 4.336600688073220766e+01 3.387340203470184008e+01 2.292341373311278474e+01 1.160908698174072029e+01 0.000000000000000000e+00 4.603522531487443104e+01 3.546054062967466081e+01 2.595871221100527748e+01
6.717866601666251825e+01 5.911137175854387493e+01 5.158294141824456602e+01 3.787162730402901900e+01 4.209282368886604786e+01 4.832823400081952769e+01 5.740286023511712443e+01 4.959093390334174245e+01 4.163503421014637951e+01 3.345101033406189828e+01 2.782096174057988947e+01 2.535634386198585943e+01 1.160909078798482774e+01 1.548766034393799451e+01 2.448813850911935575e+01 3.539073696064474461e+01 4.603522531487443104e+01 0.000000000000000000e+00 1.095142661572993426e+01 2.089162326823759130e+01
5.943470036468877993e+01 5.268574706968192345e+01 4.682085494402026882e+01 3.553021401877331442e+01 3.671116962966392805e+01 4.100666202740837463e+01 4.877389935926262154e+01 3.981336877489747650e+01 3.285428849634337212e+01 2.677928444495735505e+01 2.498795068122612761e+01 2.605379999991586715e+01 1.491836019691923632e+01 1.095142949795130782e+01 1.548766034391644375e+01 2.535634079818594699e+01 3.546054062967466081e+01 1.095142661572993426e+01 0.000000000000000000e+00 9.945573466039887123e+00
5.301328125939492253e+01 4.786550904615151580e+01 4.398880158990159828e+01 3.580752398485815746e+01 3.376372996484737143e+01 3.558237652624499958e+01 4.154585199293006781e+01 3.133251004577190812e+01 2.595871670047180402e+01 2.321818157540247896e+01 2.595871221100527748e+01 2.994014170627652760e+01 2.234989496082502214e+01 1.445533562664470217e+01 1.054887655967192472e+01 1.693670560450841833e+01 2.595871221100527748e+01 2.089162326823759130e+01 9.945573466039887123e+00 0.000000000000000000e+00
